-110 110 209195 4.27188e+06
-100 110 209033 4.26857e+06
-90 110 208852 4.26488e+06
-80 110 208622 4.26018e+06
-70 110 208343 4.25448e+06
-60 110 208095 4.24942e+06
-50 110 207755 4.24248e+06
-40 110 207340 4.234e+06
-30 110 206899 4.225e+06
-20 110 206348 4.21374e+06
-110 100 208921 4.26629e+06
-100 100 208754 4.26288e+06
-90 100 208564 4.259e+06
-80 100 208322 4.25405e+06
-70 100 208029 4.24807e+06
-60 100 207762 4.24262e+06
-50 100 207399 4.23521e+06
-40 100 206955 4.22614e+06
-30 100 206487 4.21658e+06
-20 100 205904 4.20468e+06
-110 90 208288 4.25336e+06
-100 90 208110 4.24972e+06
-90 90 207903 4.2455e+06
-80 90 207641 4.24015e+06
-70 90 207320 4.23359e+06
-60 90 207023 4.22753e+06
-50 90 206629 4.21948e+06
-40 90 206146 4.20962e+06
-30 90 205628 4.19904e+06
-20 90 204969 4.18558e+06
-110 80 207145 4.23002e+06
-100 80 206942 4.22587e+06
-90 80 206706 4.22105e+06
-80 80 206420 4.21521e+06
-70 80 206054 4.20774e+06
-60 80 205710 4.20072e+06
-50 80 205258 4.19149e+06
-40 80 204708 4.18025e+06
-30 80 204084 4.16751e+06
-20 80 203295 4.1514e+06
-110 70 205358 4.19353e+06
-100 70 205120 4.18867e+06
-90 70 204855 4.18326e+06
-80 70 204519 4.17639e+06
-70 70 204104 4.16792e+06
-60 70 203691 4.15949e+06
-50 70 203130 4.14803e+06
-40 70 202457 4.13429e+06
-30 70 201652 4.11785e+06
-20 70 200610 4.09657e+06
-110 60 202795 4.14119e+06
-100 60 202505 4.13527e+06
-90 60 202186 4.12875e+06
-80 60 201770 4.12026e+06
-70 60 201272 4.11009e+06
-60 60 200743 4.09929e+06
-50 60 200026 4.08465e+06
-40 60 199126 4.06627e+06
-30 60 198012 4.04352e+06
-20 60 196589 4.01446e+06
-110 50 199203 4.06784e+06
-100 50 198828 4.06018e+06
-90 50 198426 4.05197e+06
-80 50 197881 4.04084e+06
-70 50 197213 4.0272e+06
-60 50 196498 4.0126e+06
-50 50 195529 3.99281e+06
-40 50 194277 3.96725e+06
-30 50 192718 3.93541e+06
-20 50 190624 3.89265e+06
-110 40 194892 3.97981e+06
-100 40 194408 3.96992e+06
-90 40 193861 3.95875e+06
-80 40 193154 3.94431e+06
-70 40 192260 3.92606e+06
-60 40 191245 3.90533e+06
-50 40 189890 3.87766e+06
-40 40 188082 3.84074e+06
-30 40 185786 3.79386e+06
-20 40 182742 3.7317e+06
-110 30 189691 3.8736e+06
-100 30 189017 3.85984e+06
-90 30 188247 3.84411e+06
-80 30 187230 3.82334e+06
-70 30 186008 3.79839e+06
-60 30 184528 3.76817e+06
-50 30 182623 3.72927e+06
-40 30 179952 3.67472e+06
-30 30 176519 3.60462e+06
-20 30 171793 3.50811e+06
-110 20 183694 3.75114e+06
-100 20 182757 3.732e+06
-90 20 181672 3.70985e+06
-80 20 180265 3.68111e+06
-70 20 178521 3.6455e+06
-60 20 176362 3.60141e+06
-50 20 173507 3.54311e+06
-40 20 169617 3.46368e+06
-30 20 164347 3.35606e+06
-20 20 156884 3.20366e+06
