-110 110 25475 163.397
-100 110 25466 163.339
-90 110 25457 163.282
-80 110 25450 163.237
-70 110 25435 163.141
-60 110 25413 162.999
-50 110 25402 162.929
-40 110 25373 162.743
-30 110 25356 162.634
-20 110 25319 162.396
-110 100 25471 163.371
-100 100 25461 163.307
-90 100 25451 163.243
-80 100 25442 163.185
-70 100 25424 163.07
-60 100 25401 162.922
-50 100 25385 162.82
-40 100 25355 162.627
-30 100 25333 162.486
-20 100 25292 162.223
-110 90 25456 163.275
-100 90 25445 163.205
-90 90 25435 163.141
-80 90 25426 163.083
-70 90 25402 162.929
-60 90 25371 162.73
-50 90 25351 162.602
-40 90 25315 162.371
-30 90 25287 162.191
-20 90 25245 161.922
-110 80 25428 163.096
-100 80 25416 163.019
-90 80 25402 162.929
-80 80 25388 162.839
-70 80 25361 162.666
-60 80 25328 162.454
-50 80 25297 162.255
-40 80 25254 161.98
-30 80 25217 161.742
-20 80 25168 161.428
-110 70 25408 162.967
-100 70 25395 162.884
-90 70 25376 162.762
-80 70 25360 162.659
-70 70 25326 162.441
-60 70 25287 162.191
-50 70 25246 161.928
-40 70 25195 161.601
-30 70 25151 161.319
-20 70 25088 160.915
-110 60 25365 162.692
-100 60 25349 162.589
-90 60 25324 162.429
-80 60 25305 162.307
-70 60 25265 162.05
-60 60 25216 161.736
-50 60 25163 161.396
-40 60 25089 160.921
-30 60 25015 160.447
-20 60 24919 159.831
-110 50 25292 162.223
-100 50 25268 162.069
-90 50 25239 161.883
-80 50 25213 161.717
-70 50 25153 161.332
-60 50 25086 160.902
-50 50 25017 160.459
-40 50 24920 159.837
-30 50 24807 159.113
-20 50 24637 158.022
-110 40 25184 161.531
-100 40 25146 161.287
-90 40 25106 161.03
-80 40 25061 160.742
-70 40 24982 160.235
-60 40 24891 159.651
-50 40 24787 158.984
-40 40 24644 158.067
-30 40 24476 156.989
-20 40 24193 155.174
-110 30 25010 160.415
-100 30 24949 160.023
-90 30 24894 159.671
-80 30 24815 159.164
-70 30 24692 158.375
-60 30 24538 157.387
-50 30 24345 156.149
-40 30 24086 154.488
-30 30 23777 152.506
-20 30 23318 149.562
-110 20 24743 158.702
-100 20 24638 158.029
-90 20 24530 157.336
-80 20 24394 156.464
-70 20 24204 155.245
-60 20 23936 153.526
-50 20 23624 151.525
-40 20 23200 148.805
-30 20 22605 144.989
-20 20 21787 139.742
