-110 110 5.13121 158.266
-100 110 5.13121 158.208
-90 110 5.11839 158.163
-80 110 5.11839 158.118
-70 110 5.09914 158.041
-60 110 5.0799 157.92
-50 110 5.06066 157.868
-40 110 5.02218 157.721
-30 110 4.93879 157.695
-20 110 4.65016 157.746
-110 100 5.13121 158.24
-100 100 5.13121 158.176
-90 100 5.11839 158.125
-80 100 5.11839 158.067
-70 100 5.09914 157.971
-60 100 5.0799 157.843
-50 100 5.06066 157.759
-40 100 5.02218 157.605
-30 100 4.93879 157.547
-20 100 4.65016 157.573
-110 90 5.13121 158.144
-100 90 5.13121 158.073
-90 90 5.11839 158.022
-80 90 5.11839 157.964
-70 90 5.09914 157.83
-60 90 5.0799 157.65
-50 90 5.06066 157.541
-40 90 5.02218 157.349
-30 90 4.93879 157.252
-20 90 4.65016 157.272
-110 80 5.1248 157.971
-100 80 5.1248 157.894
-90 80 5.11197 157.817
-80 80 5.11197 157.727
-70 80 5.09273 157.573
-60 80 5.07349 157.381
-50 80 5.05425 157.201
-40 80 5.01576 156.964
-30 80 4.93238 156.81
-20 80 4.64375 156.784
-110 70 4.96445 158.003
-100 70 4.96445 157.92
-90 70 4.95162 157.81
-80 70 4.95162 157.708
-70 70 4.93238 157.509
-60 70 4.91314 157.278
-50 70 4.89389 157.034
-40 70 4.85541 156.746
-30 70 4.77203 156.547
-20 70 4.4834 156.431
-110 60 4.58602 158.106
-100 60 4.58602 158.003
-90 60 4.57319 157.855
-80 60 4.57319 157.734
-70 60 4.55395 157.496
-60 60 4.53471 157.201
-50 60 4.51547 156.88
-40 60 4.47698 156.444
-30 60 4.3936 156.053
-20 60 4.10497 155.726
-110 50 4.27815 157.945
-100 50 4.27815 157.791
-90 50 4.26532 157.618
-80 50 4.26532 157.451
-70 50 4.24608 157.086
-60 50 4.22684 156.675
-50 50 4.2076 156.252
-40 50 4.16911 155.668
-30 50 4.08573 155.027
-20 50 3.7971 154.225
-110 40 4.01517 157.515
-100 40 4.01517 157.272
-90 40 4.00235 157.028
-80 40 4.00235 156.739
-70 40 3.9831 156.252
-60 40 3.96386 155.687
-50 40 3.94462 155.04
-40 40 3.90614 154.161
-30 40 3.82275 153.167
-20 40 3.53412 151.64
-110 30 3.77786 156.637
-100 30 3.77786 156.245
-90 30 3.76503 155.906
-80 30 3.76503 155.399
-70 30 3.74579 154.629
-60 30 3.72654 153.661
-50 30 3.7073 152.442
-40 30 3.66882 150.819
-30 30 3.58544 148.921
-20 30 3.2968 146.265
-110 20 3.39301 155.309
-100 20 3.39301 154.636
-90 20 3.38019 153.956
-80 20 3.38019 153.083
-70 20 3.36094 151.884
-60 20 3.3417 150.184
-50 20 3.32246 148.202
-40 20 3.28398 145.521
-30 20 3.20059 141.788
-20 20 2.91196 136.83
