-110 110 967443 2.34893e+07
-100 110 967338 2.34867e+07
-90 110 967198 2.34833e+07
-80 110 967044 2.34796e+07
-70 110 966873 2.34754e+07
-60 110 966656 2.34702e+07
-50 110 966399 2.34639e+07
-40 110 966016 2.34546e+07
-30 110 965571 2.34438e+07
-20 110 964974 2.34293e+07
-110 100 967380 2.34878e+07
-100 100 967272 2.34851e+07
-90 100 967127 2.34816e+07
-80 100 966969 2.34778e+07
-70 100 966789 2.34734e+07
-60 100 966558 2.34678e+07
-50 100 966288 2.34612e+07
-40 100 965883 2.34514e+07
-30 100 965411 2.34399e+07
-20 100 964778 2.34246e+07
-110 90 967124 2.34815e+07
-100 90 967009 2.34787e+07
-90 90 966854 2.3475e+07
-80 90 966689 2.3471e+07
-70 90 966489 2.34661e+07
-60 90 966236 2.346e+07
-50 90 965939 2.34528e+07
-40 90 965487 2.34418e+07
-30 90 964953 2.34288e+07
-20 90 964242 2.34116e+07
-110 80 966401 2.3464e+07
-100 80 966269 2.34608e+07
-90 80 966100 2.34567e+07
-80 80 965909 2.3452e+07
-70 80 965686 2.34466e+07
-60 80 965398 2.34396e+07
-50 80 965056 2.34313e+07
-40 80 964514 2.34182e+07
-30 80 963881 2.34028e+07
-20 80 963025 2.3382e+07
-110 70 964531 2.34186e+07
-100 70 964360 2.34144e+07
-90 70 964150 2.34093e+07
-80 70 963915 2.34036e+07
-70 70 963618 2.33964e+07
-60 70 963253 2.33875e+07
-50 70 962793 2.33764e+07
-40 70 962087 2.33592e+07
-30 70 961246 2.33388e+07
-20 70 960043 2.33096e+07
-110 60 960581 2.33227e+07
-100 60 960334 2.33167e+07
-90 60 960027 2.33092e+07
-80 60 959683 2.33009e+07
-70 60 959228 2.32898e+07
-60 60 958655 2.32759e+07
-50 60 957950 2.32588e+07
-40 60 956869 2.32325e+07
-30 60 955483 2.31989e+07
-20 60 953488 2.31505e+07
-110 50 952334 2.31224e+07
-100 50 951918 2.31123e+07
-90 50 951412 2.31001e+07
-80 50 950784 2.30848e+07
-70 50 949989 2.30655e+07
-60 50 948963 2.30406e+07
-50 50 947600 2.30075e+07
-40 50 945598 2.29589e+07
-30 50 942954 2.28947e+07
-20 50 939004 2.27988e+07
-110 40 938181 2.27788e+07
-100 40 937394 2.27597e+07
-90 40 936421 2.27361e+07
-80 40 935212 2.27067e+07
-70 40 933685 2.26696e+07
-60 40 931674 2.26208e+07
-50 40 929065 2.25575e+07
-40 40 925301 2.24661e+07
-30 40 920154 2.23411e+07
-20 40 912028 2.21438e+07
-110 30 919866 2.23341e+07
-100 30 918594 2.23032e+07
-90 30 916966 2.22637e+07
-80 30 914957 2.22149e+07
-70 30 912377 2.21523e+07
-60 30 908914 2.20682e+07
-50 30 904347 2.19573e+07
-40 30 897836 2.17992e+07
-30 30 888641 2.1576e+07
-20 30 873957 2.12195e+07
-110 20 895374 2.17395e+07
-100 20 893331 2.16899e+07
-90 20 890620 2.1624e+07
-80 20 887280 2.15429e+07
-70 20 882930 2.14373e+07
-60 20 877028 2.1294e+07
-50 20 869199 2.11039e+07
-40 20 857771 2.08265e+07
-30 20 841343 2.04276e+07
-20 20 815062 1.97895e+07
