-110 110 54482.1 4.2174e+06
-100 110 54359.6 4.21421e+06
-90 110 54318.7 4.21056e+06
-80 110 54237 4.20594e+06
-70 110 54134.9 4.20035e+06
-60 110 54032.8 4.19539e+06
-50 110 53828.6 4.18865e+06
-40 110 53522.3 4.18048e+06
-30 110 52807.6 4.17219e+06
-20 110 52215.4 4.16153e+06
-110 100 54482.1 4.2118e+06
-100 100 54359.6 4.20852e+06
-90 100 54318.7 4.20468e+06
-80 100 54237 4.19982e+06
-70 100 54134.9 4.19394e+06
-60 100 54032.8 4.18859e+06
-50 100 53828.6 4.18138e+06
-40 100 53522.3 4.17262e+06
-30 100 52807.6 4.16377e+06
-20 100 52215.4 4.15246e+06
-110 90 54482.1 4.19888e+06
-100 90 54359.6 4.19537e+06
-90 90 54318.7 4.19118e+06
-80 90 54237 4.18591e+06
-70 90 54134.9 4.17946e+06
-60 90 54032.8 4.17349e+06
-50 90 53828.6 4.16565e+06
-40 90 53522.3 4.1561e+06
-30 90 52807.6 4.14623e+06
-20 90 52215.4 4.13337e+06
-110 80 54318.7 4.1757e+06
-100 80 54196.2 4.17168e+06
-90 80 54155.4 4.1669e+06
-80 80 54073.7 4.16114e+06
-70 80 53971.6 4.15377e+06
-60 80 53869.5 4.14685e+06
-50 80 53665.3 4.13782e+06
-40 80 53359 4.1269e+06
-30 80 52644.2 4.11487e+06
-20 80 52052 4.09935e+06
-110 70 51480.3 4.14205e+06
-100 70 51357.7 4.13731e+06
-90 70 51316.9 4.13194e+06
-80 70 51235.2 4.12516e+06
-70 70 51133.1 4.11679e+06
-60 70 51031 4.10846e+06
-50 70 50826.8 4.0972e+06
-40 70 50520.5 4.08377e+06
-30 70 49805.8 4.06804e+06
-20 70 49213.6 4.04736e+06
-110 60 42821.9 4.09837e+06
-100 60 42699.4 4.09257e+06
-90 60 42658.6 4.08609e+06
-80 60 42576.9 4.07768e+06
-70 60 42474.8 4.06761e+06
-60 60 42372.7 4.05691e+06
-50 60 42168.5 4.04248e+06
-40 60 41862.2 4.0244e+06
-30 60 41147.4 4.00237e+06
-20 60 40555.3 3.9739e+06
-110 50 31488.5 4.03635e+06
-100 50 31366 4.02882e+06
-90 50 31325.2 4.02065e+06
-80 50 31243.5 4.0096e+06
-70 50 31141.4 3.99606e+06
-60 50 31039.3 3.98156e+06
-50 50 30835.1 3.96198e+06
-40 50 30528.8 3.93672e+06
-30 50 29814 3.9056e+06
-20 50 29221.8 3.86343e+06
-110 40 21850 3.95796e+06
-100 40 21727.5 3.94819e+06
-90 40 21686.6 3.93707e+06
-80 40 21605 3.92271e+06
-70 40 21502.9 3.90456e+06
-60 40 21400.8 3.88393e+06
-50 40 21196.6 3.85647e+06
-40 40 20890.2 3.81985e+06
-30 40 20175.5 3.77368e+06
-20 40 19583.3 3.71211e+06
-110 30 15233.7 3.85836e+06
-100 30 15111.2 3.84472e+06
-90 30 15070.4 3.82904e+06
-80 30 14988.7 3.80835e+06
-70 30 14886.6 3.7835e+06
-60 30 14784.5 3.75338e+06
-50 30 14580.3 3.71469e+06
-40 30 14274 3.66045e+06
-30 30 13559.3 3.59106e+06
-20 30 12967.1 3.49514e+06
-110 20 11149.6 3.73999e+06
-100 20 11027.1 3.72098e+06
-90 20 10986.3 3.69886e+06
-80 20 10904.6 3.67021e+06
-70 20 10802.5 3.6347e+06
-60 20 10700.4 3.59071e+06
-50 20 10496.2 3.53262e+06
-40 20 10189.9 3.45349e+06
-30 20 9475.14 3.34658e+06
-20 20 8882.95 3.19478e+06
