-110 110 338363 2.31509e+07
-100 110 337780 2.3149e+07
-90 110 336857 2.31465e+07
-80 110 335255 2.31443e+07
-70 110 332220 2.31432e+07
-60 110 327097 2.31431e+07
-50 110 320711 2.31432e+07
-40 110 313476 2.31412e+07
-30 110 307018 2.31368e+07
-20 110 300316 2.3129e+07
-110 100 338363 2.31494e+07
-100 100 337780 2.31474e+07
-90 100 336857 2.31448e+07
-80 100 335255 2.31425e+07
-70 100 332220 2.31412e+07
-60 100 327097 2.31407e+07
-50 100 320711 2.31405e+07
-40 100 313476 2.31379e+07
-30 100 307018 2.31329e+07
-20 100 300316 2.31243e+07
-110 90 338363 2.31432e+07
-100 90 337780 2.3141e+07
-90 90 336857 2.31381e+07
-80 90 335255 2.31357e+07
-70 90 332220 2.31339e+07
-60 90 327097 2.31329e+07
-50 90 320711 2.31321e+07
-40 90 313476 2.31283e+07
-30 90 307018 2.31218e+07
-20 90 300316 2.31112e+07
-110 80 337877 2.31261e+07
-100 80 337294 2.31235e+07
-90 80 336372 2.31203e+07
-80 80 334769 2.31173e+07
-70 80 331734 2.31149e+07
-60 80 326611 2.3113e+07
-50 80 320226 2.31111e+07
-40 80 312990 2.31052e+07
-30 80 306532 2.30963e+07
-20 80 299831 2.30822e+07
-110 70 328796 2.30898e+07
-100 70 328214 2.30862e+07
-90 70 327291 2.3082e+07
-80 70 325689 2.30779e+07
-70 70 322654 2.30738e+07
-60 70 317531 2.307e+07
-50 70 311145 2.30652e+07
-40 70 303910 2.30553e+07
-30 70 297451 2.30414e+07
-20 70 290750 2.30189e+07
-110 60 292887 2.30298e+07
-100 60 292304 2.30244e+07
-90 60 291381 2.30178e+07
-80 60 289779 2.30111e+07
-70 60 286744 2.30031e+07
-60 60 281621 2.29943e+07
-50 60 275235 2.29836e+07
-40 60 268000 2.29645e+07
-30 60 261542 2.29374e+07
-20 60 254840 2.28956e+07
-110 50 244351 2.28781e+07
-100 50 243769 2.28686e+07
-90 50 242846 2.28572e+07
-80 50 241244 2.28436e+07
-70 50 238209 2.28273e+07
-60 50 233086 2.28075e+07
-50 50 226700 2.27808e+07
-40 50 219465 2.27394e+07
-30 50 213006 2.26817e+07
-20 50 206305 2.25925e+07
-110 40 189115 2.25897e+07
-100 40 188532 2.25712e+07
-90 40 187610 2.25485e+07
-80 40 186007 2.25207e+07
-70 40 182972 2.24867e+07
-60 40 177849 2.2443e+07
-50 40 171464 2.2386e+07
-40 40 164228 2.23019e+07
-30 40 157770 2.21833e+07
-20 40 151069 2.19928e+07
-110 30 135675 2.21984e+07
-100 30 135093 2.21681e+07
-90 30 134170 2.21295e+07
-80 30 132567 2.20824e+07
-70 30 129533 2.20228e+07
-60 30 124409 2.19438e+07
-50 30 118024 2.18393e+07
-40 30 110789 2.16885e+07
-30 30 104330 2.14717e+07
-20 30 97628.9 2.11218e+07
-110 20 97507.5 2.1642e+07
-100 20 96924.8 2.15929e+07
-90 20 96002.2 2.1528e+07
-80 20 94399.7 2.14485e+07
-70 20 91364.7 2.1346e+07
-60 20 86241.7 2.12078e+07
-50 20 79856.1 2.10241e+07
-40 20 72620.8 2.07539e+07
-30 20 66162.3 2.03614e+07
-20 20 59461.1 1.973e+07
